Top 15 Correlations with SalePrice:
SalePrice           1.000000
Overall Qual        0.799262
Gr Liv Area         0.706780
Garage Cars         0.647812
Garage Area         0.640381
Total Bsmt SF       0.632164
1st Flr SF          0.621676
Year Built          0.558426
Full Bath           0.545604
Year Remod/Add      0.532974
Foundation_PConc    0.520966
Garage Yr Blt       0.508882
Mas Vnr Area        0.502196
TotRms AbvGrd       0.495474
Fireplaces          0.474558

Basic Statistics:
            Order           PID  MS SubClass  Lot Frontage       Lot Area  Overall Qual  Overall Cond   Year Built  Year Remod/Add  Mas Vnr Area  BsmtFin SF 1  BsmtFin SF 2  Bsmt Unf SF  Total Bsmt SF   1st Flr SF   2nd Flr SF  Low Qual Fin SF  Gr Liv Area  Bsmt Full Bath  Bsmt Half Bath    Full Bath    Half Bath  Bedroom AbvGr  Kitchen AbvGr  TotRms AbvGrd   Fireplaces  Garage Yr Blt  Garage Cars  Garage Area  Wood Deck SF  Open Porch SF  Enclosed Porch   3Ssn Porch  Screen Porch    Pool Area      Misc Val      Mo Sold      Yr Sold      SalePrice
count  2930.00000  2.930000e+03  2930.000000   2930.000000    2930.000000   2930.000000   2930.000000  2930.000000     2930.000000   2930.000000   2930.000000   2930.000000  2930.000000    2930.000000  2930.000000  2930.000000      2930.000000  2930.000000     2930.000000     2930.000000  2930.000000  2930.000000    2930.000000    2930.000000    2930.000000  2930.000000    2930.000000  2930.000000  2930.000000   2930.000000    2930.000000     2930.000000  2930.000000   2930.000000  2930.000000   2930.000000  2930.000000  2930.000000    2930.000000
mean   1465.50000  7.144645e+08    57.387372     69.019795   10147.921843      6.094881      5.563140  1971.356314     1984.266553    101.096928    442.604778     49.705461   559.230717    1051.593515  1159.557679   335.455973         4.676792  1499.690444        0.431058        0.061092     1.566553     0.379522       2.854266       1.044369       6.443003     0.599317    1978.179522     1.766894   472.822184     93.751877      47.533447       23.011604     2.592491     16.002048     2.243345     50.635154     6.216041  2007.790444  180796.060068
std     845.96247  1.887308e+08    42.638025     21.326422    7880.017759      1.411026      1.111537    30.245361       20.860286    178.634545    455.515036    169.142089   439.422500     440.541315   391.890885   428.395715        46.310510   505.508887        0.524762        0.245175     0.552941     0.502629       0.827731       0.214076       1.572964     0.647921      24.826620     0.760449   215.009876    126.361562      67.483400       64.139059    25.141331     56.087370    35.597181    566.344288     2.714492     1.316613   79886.692357
min       1.00000  5.263011e+08    20.000000     21.000000    1300.000000      1.000000      1.000000  1872.000000     1950.000000      0.000000      0.000000      0.000000     0.000000       0.000000   334.000000     0.000000         0.000000   334.000000        0.000000        0.000000     0.000000     0.000000       0.000000       0.000000       2.000000     0.000000    1895.000000     0.000000     0.000000      0.000000       0.000000        0.000000     0.000000      0.000000     0.000000      0.000000     1.000000  2006.000000   12789.000000
25%     733.25000  5.284770e+08    20.000000     60.000000    7440.250000      5.000000      5.000000  1954.000000     1965.000000      0.000000      0.000000      0.000000   219.000000     793.000000   876.250000     0.000000         0.000000  1126.000000        0.000000        0.000000     1.000000     0.000000       2.000000       1.000000       5.000000     0.000000    1962.000000     1.000000   320.000000      0.000000       0.000000        0.000000     0.000000      0.000000     0.000000      0.000000     4.000000  2007.000000  129500.000000
50%    1465.50000  5.354536e+08    50.000000     68.000000    9436.500000      6.000000      5.000000  1973.000000     1993.000000      0.000000    370.000000      0.000000   466.000000     990.000000  1084.000000     0.000000         0.000000  1442.000000        0.000000        0.000000     2.000000     0.000000       3.000000       1.000000       6.000000     1.000000    1979.000000     2.000000   480.000000      0.000000      27.000000        0.000000     0.000000      0.000000     0.000000      0.000000     6.000000  2008.000000  160000.000000
75%    2197.75000  9.071811e+08    70.000000     78.000000   11555.250000      7.000000      6.000000  2001.000000     2004.000000    162.750000    734.000000      0.000000   801.750000    1301.500000  1384.000000   703.750000         0.000000  1742.750000        1.000000        0.000000     2.000000     1.000000       3.000000       1.000000       7.000000     1.000000    2001.000000     2.000000   576.000000    168.000000      70.000000        0.000000     0.000000      0.000000     0.000000      0.000000     8.000000  2009.000000  213500.000000
max    2930.00000  1.007100e+09   190.000000    313.000000  215245.000000     10.000000      9.000000  2010.000000     2010.000000   1600.000000   5644.000000   1526.000000  2336.000000    6110.000000  5095.000000  2065.000000      1064.000000  5642.000000        3.000000        2.000000     4.000000     2.000000       8.000000       3.000000      15.000000     4.000000    2207.000000     5.000000  1488.000000   1424.000000     742.000000     1012.000000   508.000000    576.000000   800.000000  17000.000000    12.000000  2010.000000  755000.000000